Iteration	CPUTime	PhysTime	Travels	Value	AvValue	MinValue	MaxValue	Delta	Criteria	PrevAvRefValue	Progress	CriteriaType	CriteriaVarType	CriteriaPercentage
1	1	0	0.0141369314	111.457678	111.457678	111.457678	111.457678	0	0	0	0	0	0	3
2	1	0	0.0282738628	72.5903825	92.0240302	72.5903825	111.457678	19.4336478	0	0	0	0	0	3
3	1	0	0.0424107941	75.5030132	86.5170246	72.5903825	111.457678	24.9406534	0	0	0	0	0	3
4	2	0	0.0565477255	80.8875563	85.1096575	72.5903825	111.457678	26.3480205	0	0	0	0	0	3
5	2	0	0.0706846569	84.8967914	85.0670843	72.5903825	111.457678	26.3905937	0	0	0	0	0	3
6	2	0	0.0848215883	81.8529301	84.5313919	72.5903825	111.457678	26.9262861	0	0	0	0	0	3
7	2	0	0.0989585197	75.5074671	83.2422598	72.5903825	111.457678	28.2154182	0	0	0	0	0	3
8	2	0	0.113095451	68.8822038	81.4472528	68.8822038	111.457678	30.0104252	0	0	0	0	0	3
9	2	0	0.127232382	64.3113607	79.5432648	64.3113607	111.457678	31.9144132	0	0	0	0	0	3
10	3	0	0.141369314	61.2467583	77.7136142	61.2467583	111.457678	33.7440638	0	0	0	0	0	3
11	3	0	0.155506245	60.0773699	76.1103192	60.0773699	111.457678	35.3473588	0	0	0	0	0	3
12	3	0	0.169643177	59.204016	74.7014606	59.204016	111.457678	36.7562174	0	0	0	0	0	3
13	3	0	0.183780108	58.2296238	73.4343963	58.2296238	111.457678	38.0232817	0	0	0	0	0	3
14	3	0	0.197917039	57.3672561	72.2867434	57.3672561	111.457678	39.1709346	0	0	0	0	0	3
15	4	0	0.212053971	56.3891944	71.2269068	56.3891944	111.457678	40.2307712	0	0	0	0	0	3
16	4	0	0.226190902	56.0466646	70.2781416	56.0466646	111.457678	41.1795363	0	0	0	0	0	3
17	4	0	0.240327833	55.8349873	69.4285443	55.8349873	111.457678	42.0291337	0	0	0	0	0	3
18	4	0	0.254464765	55.4407845	68.6514466	55.4407845	111.457678	42.8062314	0	0	0	0	0	3
19	4	0	0.268601696	55.3275372	67.9501882	55.3275372	111.457678	43.5074898	0	0	0	0	0	3
20	4	0	0.282738628	55.0335012	67.3043538	55.0335012	111.457678	44.1533242	0	0	0	0	0	3
21	5	0	0.296875559	54.943802	66.7157561	54.943802	111.457678	44.7419219	0	0	0	0	0	3
22	5	0	0.31101249	54.6694343	66.168196	54.6694343	111.457678	45.2894819	0	0	0	0	0	3
23	5	0	0.325149422	54.5923145	65.6648968	54.5923145	111.457678	45.7927811	0	0	0	0	0	3
24	5	0	0.339286353	54.2988085	65.1913098	54.2988085	111.457678	46.2663682	0	0	0	0	0	3
25	5	0	0.353423285	54.2470759	64.7535405	54.2470759	111.457678	46.7041375	0	0	0	0	0	3
26	6	0	0.367560216	54.0700074	64.3426354	54.0700074	111.457678	47.1150426	0	0	0	0	0	3
27	6	0	0.381697147	54.1176951	63.9639339	54.0700074	111.457678	47.4937441	0	0	0	0	0	3
28	6	0	0.395834079	54.0071434	63.6083342	54.0071434	111.457678	47.8493438	0	0	0	0	0	3
29	6	0	0.40997101	53.9257607	63.2744524	53.9257607	111.457678	48.1832256	0	0	0	0	0	3
30	6	0	0.424107941	53.9694594	62.9642859	53.9257607	111.457678	48.4933921	0	0	0	0	0	3
31	6	0	0.438244873	54.0151859	62.6756053	53.9257607	111.457678	48.7820727	0	0	0	0	0	3
32	7	0	0.452381804	54.0059676	62.4046791	53.9257607	111.457678	49.0529989	0	0	0	0	0	3
33	7	0	0.466518736	54.0215086	62.1506436	53.9257607	111.457678	49.3070344	0	0	0	0	0	3
34	7	0	0.480655667	54.0736801	61.9130859	53.9257607	111.457678	49.5445921	0	0	0	0	0	3
35	7	0	0.494792598	54.0344094	61.6879808	53.9257607	111.457678	49.7696971	0	0	0	0	0	3
36	7	0	0.50892953	54.1206049	61.477776	53.9257607	111.457678	49.979902	0	0	0	0	0	3
37	8	0	0.523066461	54.1228647	59.8851423	53.9257607	84.8967914	30.9710307	0	0	0	0	0	3
38	8	0	0.537203392	54.1439959	59.3727426	53.9257607	84.8967914	27.1442819	0	0	0	0	0	3
39	8	0	0.551340324	54.0677259	58.777318	53.9257607	84.8967914	26.3323395	0	0	0	0	0	3
40	8	0	0.565477255	54.1384446	58.0342871	53.9257607	84.8967914	27.0327972	0	0	0	0	0	3
41	8	0	0.579614187	54.1651119	57.1806293	53.9257607	81.8529301	27.3507626	0	0	0	0	0	3
42	8	0	0.593751118	54.0884071	56.4093926	53.9257607	75.5074671	21.5817064	0	0	0	0	0	3
43	9	0	0.607888049	54.0819499	55.8142393	53.9257607	68.8822038	14.9564431	0	0	0	0	0	3
44	9	0	0.622024981	54.0920832	55.4034026	53.9257607	64.3113607	10.3856	0	0	0	0	0	3
45	9	0	0.636161912	54.1120262	55.1200878	53.9257607	61.2467583	7.3209976	0	0	0	0	0	3
46	9	0	0.650298844	54.1573959	54.9231611	53.9257607	60.0773699	6.15160919	0	0	0	0	0	3
47	9	0	0.664435775	54.1752883	54.7592143	53.9257607	59.204016	5.27825529	0	0	0	0	0	3
48	10	0	0.678572706	54.2138804	54.6205995	53.9257607	58.2296238	4.30386311	0	0	0	0	0	3
49	10	0	0.692709638	54.1882454	54.508339	53.9257607	57.3672561	3.44149533	0	0	0	0	0	3
50	10	0	0.706846569	54.2126913	54.4207122	53.9257607	56.3891944	2.46343369	0	0	0	0	0	3
51	10	0	0.7209835	54.1775528	54.3592777	53.9257607	56.0466646	2.12090386	0	0	0	0	0	3
52	10	0	0.735120432	54.2010053	54.3080094	53.9257607	55.8349873	1.90922662	0	0	0	0	0	3
53	11	0	0.749257363	54.1221883	54.2604316	53.9257607	55.4407845	1.51502378	0	0	0	0	0	3
54	11	0	0.763394295	54.1036018	54.2232876	53.9257607	55.3275372	1.40177651	0	0	0	0	0	3
55	11	0	0.777531226	54.0987083	54.1891535	53.9257607	55.0335012	1.10774046	0	0	0	0	0	3
56	11	0	0.791668157	54.1497474	54.1646048	53.9257607	54.943802	1.01804126	0	0	0	0	0	3
57	11	0	0.805805089	54.2107063	54.144241	53.9257607	54.6694343	0.743673562	0	0	0	0	0	3
58	11	0	0.81994202	54.1237161	54.1290822	53.9257607	54.5923145	0.666553751	0	0	0	0	0	3
59	12	0	0.834078952	54.1599603	54.1170723	53.9257607	54.2988085	0.373047776	0	0	0	0	0	3
60	12	0	0.848215883	54.308167	54.1173323	53.9257607	54.308167	0.382406291	0	0	0	0	0	3
61	12	0	0.862352814	54.4425659	54.1227626	53.9257607	54.4425659	0.516805172	0	0	0	0	0	3
62	12	0	0.876489746	54.3105663	54.1294448	53.9257607	54.4425659	0.516805172	0	0	0	0	0	3
63	12	0	0.890626677	54.3762892	54.1366279	53.9257607	54.4425659	0.516805172	0	0	0	0	0	3
64	13	0	0.904763608	54.4454185	54.1488022	53.9257607	54.4454185	0.519657824	0	0	0	0	0	3
65	13	0	0.91890054	54.4303172	54.1628177	53.9694594	54.4454185	0.475959154	0	0	0	0	0	3
66	13	0	0.933037471	54.4931582	54.1773649	54.0059676	54.4931582	0.48719055	0	0	0	0	0	3
67	13	0	0.947174403	54.5190287	54.1913605	54.0059676	54.5190287	0.513061045	0	0	0	0	0	3
68	13	0	0.961311334	54.514072	54.2054745	54.0215086	54.5190287	0.497520011	0	0	0	0	0	3
69	13	0	0.975448265	54.5516964	54.220202	54.0344094	54.5516964	0.517287039	0	0	0	0	0	3
70	14	0	0.989585197	54.7117289	54.2379255	54.0344094	54.7117289	0.677319527	0	0	0	0	0	3
71	14	0	1.00372213	54.7336659	54.2573493	54.0677259	54.7336659	0.665939994	0.929130922	0	100	0	0	3
72	14	0	1.01785906	54.6739669	54.2727205	54.0677259	54.7336659	0.665939994	0.929130922	0	100	0	0	3
73	14	0	1.03199599	54.7284125	54.2895413	54.0677259	54.7336659	0.665939994	0.929130922	0	100	0	0	3
74	14	0	1.04613292	54.8255793	54.3084741	54.0677259	54.8255793	0.757853395	0.929130922	0	100	0	0	3
75	15	0	1.06026985	54.7467204	54.3273351	54.0819499	54.8255793	0.743629359	0.929130922	0	100	0	0	3
76	15	0	1.07440678	54.7736378	54.3449794	54.0819499	54.8255793	0.743629359	0.929130922	0	100	0	0	3
77	15	0	1.08854372	54.7847786	54.3621923	54.0819499	54.8255793	0.743629359	0.929130922	0	100	0	0	3
78	15	0	1.10268065	54.8791792	54.3841582	54.0819499	54.8791792	0.797229352	0.929130922	0	100	0	0	3
79	15	0	1.11681758	54.8026882	54.4041787	54.0920832	54.8791792	0.787096098	0.929130922	0	100	0	0	3
80	15	0	1.13095451	54.8177281	54.4243355	54.0987083	54.8791792	0.780470956	0.929130922	0	100	0	0	3
81	16	0	1.14509144	54.7811575	54.4429225	54.0987083	54.8791792	0.780470956	0.929130922	0	100	0	0	3
82	16	0	1.15922837	54.7866574	54.460402	54.0987083	54.8791792	0.642142004	0.929130922	0	100	0	0	3
83	16	0	1.1733653	54.8569263	54.4793364	54.0987083	54.8791792	0.503527127	0.929130922	0	100	0	0	3
84	16	0	1.18750224	54.8281658	54.4963999	54.0987083	54.8791792	0.391266616	0.929130922	0	100	0	0	3
85	16	0	1.20163917	54.8433298	54.5145967	54.0987083	54.8791792	0.397524321	0.929130922	0	100	0	0	3
86	17	0	1.2157761	54.8883255	54.5333643	54.0987083	54.8883255	0.416291938	0.929130922	0	100	0	0	3
87	17	0	1.22991303	54.867922	54.5525412	54.0987083	54.8883255	0.43546886	0.929130922	0	100	0	0	3
88	17	0	1.24404996	54.8469623	54.5704844	54.0987083	54.8883255	0.453412111	0.929130922	0	100	0	0	3
89	17	0	1.25818689	54.9276622	54.5928587	54.0987083	54.9276622	0.475786386	0.929130922	0	100	0	0	3
90	17	0	1.27232382	54.9333938	54.6159085	54.0987083	54.9333938	0.498836163	0.929130922	0	100	0	0	3
91	17	0	1.28646076	54.8081857	54.6356162	54.1237161	54.9333938	0.518543869	0.929130922	0	100	0	0	3
92	18	0	1.30059769	54.8209831	54.6542616	54.1237161	54.9333938	0.537189305	0.929130922	0	100	0	0	3
93	18	0	1.31473462	54.8290627	54.6714382	54.1237161	54.9333938	0.554365873	0.929130922	0	100	0	0	3
94	18	0	1.32887155	54.8140901	54.6906153	54.1599603	54.9333938	0.573542929	0.929130922	0	100	0	0	3
95	18	0	1.34300848	54.7268705	54.7063628	54.308167	54.9333938	0.589030475	0.929130922	0	100	0	0	3
96	18	0	1.35714541	54.7454684	54.71851	54.3105663	54.9333938	0.595747456	0.929130922	0	100	0	0	3
97	19	0	1.37128234	54.7920804	54.7282188	54.3105663	54.9333938	0.598774001	0.929130922	0	100	0	0	3
98	19	0	1.38541928	54.8028564	54.7418935	54.3762892	54.9333938	0.557104546	0.929130922	0	100	0	0	3
99	19	0	1.39955621	54.7294433	54.7517033	54.4303172	54.9333938	0.503076629	0.929130922	0	100	0	0	3
100	19	0	1.41369314	54.7130115	54.7591365	54.4303172	54.9333938	0.503076629	0.929130922	0	100	0	0	3
101	20	0	1.42783007	54.7499958	54.7680164	54.4931582	54.9333938	0.440235615	0.929130922	0	100	0	0	3
102	20	0	1.441967	54.7402965	54.7748814	54.514072	54.9333938	0.41932175	0.929130922	0	100	0	0	3
103	20	0	1.45610393	54.66389	54.7789053	54.514072	54.9333938	0.41932175	0.929130922	0	100	0	0	3
104	20	0	1.47024086	54.7087765	54.7843138	54.5516964	54.9333938	0.381697388	0.929130922	0	100	0	0	3
105	20	0	1.4843778	54.6454362	54.7869176	54.6454362	54.9333938	0.28795763	0.929130922	0	100	0	0	3
106	20	0	1.49851473	54.6420948	54.7849834	54.6420948	54.9333938	0.291298945	0.929130922	0	100	0	0	3
107	21	0	1.51265166	54.6877816	54.7837088	54.6420948	54.9333938	0.291298945	0.929130922	0	100	0	0	3
108	21	0	1.52678859	54.5977743	54.7815923	54.5977743	54.9333938	0.335619489	0.929130922	0	100	0	0	3
109	21	0	1.54092552	54.6675487	54.7799017	54.5977743	54.9333938	0.335619489	0.929130922	0	100	0	0	3
110	21	0	1.55506245	54.6985347	54.7763727	54.5977743	54.9333938	0.335619489	0.929130922	0	100	0	0	3
111	21	0	1.56919938	54.6798092	54.774514	54.5977743	54.9333938	0.335619489	0.929130922	0	100	0	0	3
112	22	0	1.58333631	54.6542289	54.7711971	54.5977743	54.9333938	0.335619489	0.929130922	0	100	0	0	3
113	22	0	1.59747325	54.6978478	54.7687824	54.5977743	54.9333938	0.335619489	0.929130922	0	100	0	0	3
114	22	0	1.61161018	54.6751694	54.7631154	54.5977743	54.9333938	0.335619489	0.929130922	0	100	0	0	3
115	22	0	1.62574711	54.6816791	54.7597541	54.5977743	54.9333938	0.335619489	0.929130922	0	100	0	0	3
116	22	0	1.63988404	54.7276806	54.7572527	54.5977743	54.9333938	0.335619489	0.929130922	0	100	0	0	3
117	22	0	1.65402097	54.8128903	54.7581342	54.5977743	54.9333938	0.326515647	0.929130922	0	100	0	0	3
118	23	0	1.6681579	54.7543872	54.7572378	54.5977743	54.9333938	0.307581256	0.929130922	0	100	0	0	3
119	23	0	1.68229483	54.7692745	54.754803	54.5977743	54.9333938	0.290517775	0.929130922	0	100	0	0	3
120	23	0	1.69643177	54.7858088	54.7536265	54.5977743	54.9333938	0.272320987	0.929130922	0	100	0	0	3
121	23	0	1.7105687	54.8837969	54.7547505	54.5977743	54.9333938	0.253553371	0.929130922	0	100	0	0	3
122	23	0	1.72470563	54.8094588	54.7525598	54.5977743	54.9333938	0.234376449	0.929130922	0	100	0	0	3
123	24	0	1.73884256	54.7100523	54.7481745	54.5977743	54.9333938	0.216433198	0.929130922	0	100	0	0	3
124	24	0	1.75297949	54.7221531	54.7447076	54.5977743	54.9333938	0.194058923	0.929130922	0	100	0	0	3
125	24	0	1.76711642	54.7702799	54.7403359	54.5977743	54.9333938	0.171009146	0.929130922	0	100	0	0	3
126	24	0	1.78125335	54.770335	54.7358065	54.5977743	54.8837969	0.151301439	0.929130922	0	100	0	0	3
127	24	0	1.79539029	54.6947394	54.7326552	54.5977743	54.8837969	0.132656003	0.929130922	0	100	0	0	3
128	24	0	1.80952722	54.6508316	54.7279288	54.5977743	54.8837969	0.115479436	0.929130922	0	100	0	0	3
129	25	0	1.82366415	54.6380693	54.7226234	54.5977743	54.8837969	0.0963023791	0.929130922	0	100	0	0	3
