Iteration	CPUTime	PhysTime	Travels	Value	AvValue	MinValue	MaxValue	Delta	Criteria	PrevAvRefValue	Progress	CriteriaType	CriteriaVarType	CriteriaPercentage
1	1	0	0.0141369314	669.682883	669.682883	669.682883	669.682883	0	0	0	0	0	0	3
2	1	0	0.0282738628	306.648828	488.165855	306.648828	669.682883	181.517028	0	0	0	0	0	3
3	1	0	0.0424107941	188.234313	388.188675	188.234313	669.682883	281.494208	0	0	0	0	0	3
4	2	0	0.0565477255	113.364451	319.482619	113.364451	669.682883	350.200264	0	0	0	0	0	3
5	2	0	0.0706846569	111.520081	277.890111	111.520081	669.682883	391.792772	0	0	0	0	0	3
6	2	0	0.0848215883	96.0739538	247.587418	96.0739538	669.682883	422.095465	0	0	0	0	0	3
7	2	0	0.0989585197	96.8577041	226.054602	96.0739538	669.682883	443.628281	0	0	0	0	0	3
8	2	0	0.113095451	84.2253428	208.325944	84.2253428	669.682883	461.356939	0	0	0	0	0	3
9	2	0	0.127232382	80.2912788	194.09987	80.2912788	669.682883	475.583012	0	0	0	0	0	3
10	3	0	0.141369314	72.0312095	181.893004	72.0312095	669.682883	487.789879	0	0	0	0	0	3
11	3	0	0.155506245	68.0920628	171.547464	68.0920628	669.682883	498.135419	0	0	0	0	0	3
12	3	0	0.169643177	62.7200396	162.478512	62.7200396	669.682883	507.204371	0	0	0	0	0	3
13	3	0	0.183780108	59.6225838	154.566518	59.6225838	669.682883	515.116365	0	0	0	0	0	3
14	3	0	0.197917039	57.2017393	147.611891	57.2017393	669.682883	522.070992	0	0	0	0	0	3
15	4	0	0.212053971	55.2968122	141.457552	55.2968122	669.682883	528.225331	0	0	0	0	0	3
16	4	0	0.226190902	55.5768166	136.090006	55.2968122	669.682883	533.592877	0	0	0	0	0	3
17	4	0	0.240327833	56.278494	131.395211	55.2968122	669.682883	538.287672	0	0	0	0	0	3
18	4	0	0.254464765	57.0653683	127.265776	55.2968122	669.682883	542.417107	0	0	0	0	0	3
19	4	0	0.268601696	57.82511	123.611004	55.2968122	669.682883	546.071879	0	0	0	0	0	3
20	4	0	0.282738628	58.5448034	120.357694	55.2968122	669.682883	549.325189	0	0	0	0	0	3
21	5	0	0.296875559	59.1544284	117.443252	55.2968122	669.682883	552.23963	0	0	0	0	0	3
22	5	0	0.31101249	59.475112	114.808337	55.2968122	669.682883	554.874546	0	0	0	0	0	3
23	5	0	0.325149422	59.9497852	112.423183	55.2968122	669.682883	557.2597	0	0	0	0	0	3
24	5	0	0.339286353	59.8277909	110.231708	55.2968122	669.682883	559.451175	0	0	0	0	0	3
25	5	0	0.353423285	60.0641715	108.225006	55.2968122	669.682883	561.457876	0	0	0	0	0	3
26	6	0	0.367560216	60.1001901	106.374052	55.2968122	669.682883	563.308831	0	0	0	0	0	3
27	6	0	0.381697147	60.2555082	104.665958	55.2968122	669.682883	565.016925	0	0	0	0	0	3
28	6	0	0.395834079	60.1492657	103.076076	55.2968122	669.682883	566.606807	0	0	0	0	0	3
29	6	0	0.40997101	60.0936223	101.593922	55.2968122	669.682883	568.088961	0	0	0	0	0	3
30	6	0	0.424107941	60.1485946	100.212411	55.2968122	669.682883	569.470472	0	0	0	0	0	3
31	6	0	0.438244873	60.0360279	98.9163991	55.2968122	669.682883	570.766484	0	0	0	0	0	3
32	7	0	0.452381804	60.3034648	97.7097449	55.2968122	669.682883	571.973138	0	0	0	0	0	3
33	7	0	0.466518736	60.2966462	96.5760146	55.2968122	669.682883	573.106868	0	0	0	0	0	3
34	7	0	0.480655667	60.4545586	95.5136188	55.2968122	669.682883	574.169264	0	0	0	0	0	3
35	7	0	0.494792598	60.3170467	94.5080025	55.2968122	669.682883	575.17488	0	0	0	0	0	3
36	7	0	0.50892953	60.5371723	93.5643683	55.2968122	669.682883	576.118515	0	0	0	0	0	3
37	8	0	0.523066461	60.467291	76.641713	55.2968122	306.648828	251.352016	0	0	0	0	0	3
38	8	0	0.537203392	60.8107873	69.8128785	55.2968122	188.234313	132.9375	0	0	0	0	0	3
39	8	0	0.551340324	60.4685298	66.263829	55.2968122	113.364451	58.0676385	0	0	0	0	0	3
40	8	0	0.565477255	60.8120454	64.80404	55.2968122	111.520081	56.2232684	0	0	0	0	0	3
41	8	0	0.579614187	60.5635736	63.3885814	55.2968122	96.8577041	41.5608919	0	0	0	0	0	3
42	8	0	0.593751118	60.9397775	62.4126321	55.2968122	96.8577041	41.5608919	0	0	0	0	0	3
43	9	0	0.607888049	60.676851	61.4076084	55.2968122	84.2253428	28.9285306	0	0	0	0	0	3
44	9	0	0.622024981	60.9906265	60.7621996	55.2968122	80.2912788	24.9944666	0	0	0	0	0	3
45	9	0	0.636161912	60.7413458	60.2191459	55.2968122	72.0312095	16.7343973	0	0	0	0	0	3
46	9	0	0.650298844	61.0756976	59.9148261	55.2968122	68.0920628	12.7952507	0	0	0	0	0	3
47	9	0	0.664435775	60.7815459	59.7117562	55.2968122	62.7200396	7.42322738	0	0	0	0	0	3
48	10	0	0.678572706	61.1820482	59.6690342	55.2968122	61.1820482	5.88523601	0	0	0	0	0	3
49	10	0	0.692709638	60.9868016	59.7069292	55.2968122	61.1820482	5.88523601	0	0	0	0	0	3
50	10	0	0.706846569	61.0960099	59.8151034	55.2968122	61.1820482	5.88523601	0	0	0	0	0	3
51	10	0	0.7209835	60.9838343	59.9730762	55.5768166	61.1820482	5.60523159	0	0	0	0	0	3
52	10	0	0.735120432	61.0019144	60.1237734	56.278494	61.1820482	4.90355417	0	0	0	0	0	3
53	11	0	0.749257363	60.8537222	60.250863	57.0653683	61.1820482	4.11667986	0	0	0	0	0	3
54	11	0	0.763394295	60.94527	60.3586381	57.82511	61.1820482	3.35693816	0	0	0	0	0	3
55	11	0	0.777531226	60.755274	60.4400315	58.5448034	61.1820482	2.63724478	0	0	0	0	0	3
56	11	0	0.791668157	60.8692476	60.5045994	59.1544284	61.1820482	2.0276198	0	0	0	0	0	3
57	11	0	0.805805089	60.753613	60.5490212	59.475112	61.1820482	1.70693623	0	0	0	0	0	3
58	11	0	0.81994202	60.8132795	60.5861925	59.8277909	61.1820482	1.35425729	0	0	0	0	0	3
59	12	0	0.834078952	60.7163276	60.6074854	59.8277909	61.1820482	1.35425729	0	0	0	0	0	3
60	12	0	0.848215883	60.8483678	60.6358347	60.0360279	61.1820482	1.14602032	0	0	0	0	0	3
61	12	0	0.862352814	60.8835929	60.6585964	60.0360279	61.1820482	1.14602032	0	0	0	0	0	3
62	12	0	0.876489746	60.91142	60.6811306	60.0360279	61.1820482	1.14602032	0	0	0	0	0	3
63	12	0	0.890626677	60.9049051	60.6991694	60.0360279	61.1820482	1.14602032	0	0	0	0	0	3
64	13	0	0.904763608	60.9777956	60.7221841	60.0360279	61.1820482	1.14602032	0	0	0	0	0	3
65	13	0	0.91890054	61.0385631	60.7484325	60.0360279	61.1820482	1.14602032	0	0	0	0	0	3
66	13	0	0.933037471	61.0593811	60.7737321	60.0360279	61.1820482	1.14602032	0	0	0	0	0	3
67	13	0	0.947174403	61.1094133	60.8035484	60.2966462	61.1820482	0.885402012	0	0	0	0	0	3
68	13	0	0.961311334	61.0201371	60.8234559	60.2966462	61.1820482	0.885402012	0	0	0	0	0	3
69	13	0	0.975448265	61.1941269	60.848386	60.3170467	61.1941269	0.877080199	0	0	0	0	0	3
70	14	0	0.989585197	61.1684782	60.8682171	60.3170467	61.1941269	0.877080199	0	0	0	0	0	3
71	14	0	1.00372213	61.2741693	60.8948038	60.467291	61.2741693	0.806878304	3.98812501	0	100	0	0	3
72	14	0	1.01785906	61.2881583	60.9156645	60.467291	61.2881583	0.820867334	3.98812501	0	100	0	0	3
73	14	0	1.03199599	61.2667745	60.9378724	60.4685298	61.2881583	0.819628483	3.98812501	0	100	0	0	3
74	14	0	1.04613292	61.1943255	60.9485262	60.4685298	61.2881583	0.819628483	3.98812501	0	100	0	0	3
75	15	0	1.06026985	61.2578609	60.9704521	60.5635736	61.2881583	0.724584663	3.98812501	0	100	0	0	3
76	15	0	1.07440678	61.2179724	60.9817278	60.5635736	61.2881583	0.724584663	3.98812501	0	100	0	0	3
77	15	0	1.08854372	61.1918532	60.9991801	60.676851	61.2881583	0.61130732	3.98812501	0	100	0	0	3
78	15	0	1.10268065	61.1181104	61.0041337	60.676851	61.2881583	0.61130732	3.98812501	0	100	0	0	3
79	15	0	1.11681758	61.082162	61.0153924	60.7163276	61.2881583	0.571830693	3.98812501	0	100	0	0	3
80	15	0	1.13095451	61.037093	61.0166831	60.7163276	61.2881583	0.571830693	3.98812501	0	100	0	0	3
81	16	0	1.14509144	61.1180198	61.0271463	60.7163276	61.2881583	0.571830693	3.98812501	0	100	0	0	3
82	16	0	1.15922837	61.0019239	61.025097	60.7163276	61.2881583	0.571830693	3.98812501	0	100	0	0	3
83	16	0	1.1733653	61.0836813	61.0334897	60.7163276	61.2881583	0.571830693	3.98812501	0	100	0	0	3
84	16	0	1.18750224	61.1512272	61.0326335	60.7163276	61.2881583	0.571830693	3.98812501	0	100	0	0	3
85	16	0	1.20163917	61.1634967	61.0375417	60.7163276	61.2881583	0.571830693	3.98812501	0	100	0	0	3
86	17	0	1.2157761	61.1747739	61.0397296	60.7163276	61.2881583	0.571830693	3.98812501	0	100	0	0	3
87	17	0	1.22991303	61.1960349	61.0456241	60.7163276	61.2881583	0.571830693	3.98812501	0	100	0	0	3
88	17	0	1.24404996	61.2934711	61.0537229	60.7163276	61.2934711	0.577143546	3.98812501	0	100	0	0	3
89	17	0	1.25818689	61.3073621	61.066324	60.7163276	61.3073621	0.591034486	3.98812501	0	100	0	0	3
90	17	0	1.27232382	61.302401	61.0762443	60.7163276	61.3073621	0.591034486	3.98812501	0	100	0	0	3
91	17	0	1.28646076	61.2343646	61.0895524	60.7163276	61.3073621	0.584952946	3.98812501	0	100	0	0	3
92	18	0	1.30059769	61.2190066	61.0992679	60.7163276	61.3073621	0.55024668	3.98812501	0	100	0	0	3
93	18	0	1.31473462	61.2256205	61.1123792	60.7163276	61.3073621	0.526186679	3.98812501	0	100	0	0	3
94	18	0	1.32887155	61.2637014	61.1248909	60.7163276	61.3073621	0.517405552	3.98812501	0	100	0	0	3
95	18	0	1.34300848	61.1700142	61.1374933	60.8483678	61.3073621	0.458994244	3.98812501	0	100	0	0	3
96	18	0	1.35714541	61.2863027	61.1496582	60.8835929	61.3073621	0.423769226	3.98812501	0	100	0	0	3
97	19	0	1.37128234	61.3418525	61.1623876	60.9049051	61.3418525	0.436947353	3.98812501	0	100	0	0	3
98	19	0	1.38541928	61.3937151	61.1757847	60.9049051	61.3937151	0.476615306	3.98812501	0	100	0	0	3
99	19	0	1.39955621	61.2961757	61.1866533	60.9777956	61.3937151	0.415919431	3.98812501	0	100	0	0	3
100	19	0	1.41369314	61.4762069	61.2004981	61.0019239	61.4762069	0.452065613	3.98812501	0	100	0	0	3
101	20	0	1.42783007	61.4125233	61.2108859	61.0019239	61.4762069	0.437153771	3.98812501	0	100	0	0	3
102	20	0	1.441967	61.5243393	61.2238014	61.0019239	61.5243393	0.420253015	3.98812501	0	100	0	0	3
103	20	0	1.45610393	61.3172179	61.2295737	61.0019239	61.5243393	0.406117799	3.98812501	0	100	0	0	3
104	20	0	1.47024086	61.4320634	61.2410161	61.0019239	61.5243393	0.392630177	3.98812501	0	100	0	0	3
105	20	0	1.4843778	61.2251377	61.2418775	61.0019239	61.5243393	0.37366049	3.98812501	0	100	0	0	3
106	20	0	1.49851473	61.4020169	61.2483647	61.0019239	61.5243393	0.353560938	3.98812501	0	100	0	0	3
107	21	0	1.51265166	61.207859	61.2465228	61.0019239	61.5243393	0.332700216	3.98812501	0	100	0	0	3
108	21	0	1.52678859	61.4555851	61.2511735	61.0019239	61.5243393	0.313301135	3.98812501	0	100	0	0	3
109	21	0	1.54092552	61.2281742	61.2501013	61.0019239	61.5243393	0.302647295	3.98812501	0	100	0	0	3
110	21	0	1.55506245	61.2785921	61.252442	61.0019239	61.5243393	0.281989941	3.98812501	0	100	0	0	3
111	21	0	1.56919938	61.0475725	61.2466007	61.0019239	61.5243393	0.27071419	3.98812501	0	100	0	0	3
112	22	0	1.58333631	61.3542364	61.2503858	61.0019239	61.5243393	0.253261979	3.98812501	0	100	0	0	3
113	22	0	1.59747325	61.156683	61.2494088	61.0019239	61.5243393	0.248308288	3.98812501	0	100	0	0	3
114	22	0	1.61161018	61.2707465	61.2536487	61.0019239	61.5243393	0.238256353	3.98812501	0	100	0	0	3
115	22	0	1.62574711	61.120845	61.2547233	61.0019239	61.5243393	0.238040144	3.98812501	0	100	0	0	3
116	22	0	1.63988404	61.3661408	61.2638635	61.0019239	61.5243393	0.238766463	3.98812501	0	100	0	0	3
117	22	0	1.65402097	61.1833181	61.2656773	61.0019239	61.5243393	0.240580303	3.98812501	0	100	0	0	3
118	23	0	1.6681579	61.4546524	61.2782531	61.0475725	61.5243393	0.24561958	3.98812501	0	100	0	0	3
119	23	0	1.68229483	61.2524338	61.2829407	61.0475725	61.5243393	0.250307151	3.98812501	0	100	0	0	3
120	23	0	1.69643177	61.5135401	61.2930049	61.0475725	61.5243393	0.255463202	3.98812501	0	100	0	0	3
121	23	0	1.7105687	61.3471185	61.2981055	61.0475725	61.5243393	0.258375918	3.98812501	0	100	0	0	3
122	23	0	1.72470563	61.4404498	61.3054854	61.0475725	61.5243393	0.259861342	3.98812501	0	100	0	0	3
123	24	0	1.73884256	61.1945686	61.3054447	61.0475725	61.5243393	0.251762545	3.98812501	0	100	0	0	3
124	24	0	1.75297949	61.4479197	61.3097349	61.0475725	61.5243393	0.243410944	3.98812501	0	100	0	0	3
125	24	0	1.76711642	61.3191254	61.3100617	61.0475725	61.5243393	0.233817397	3.98812501	0	100	0	0	3
126	24	0	1.78125335	61.4505285	61.3141763	61.0475725	61.5243393	0.22462398	3.98812501	0	100	0	0	3
127	24	0	1.79539029	61.2730231	61.3152502	61.0475725	61.5243393	0.2159823	3.98812501	0	100	0	0	3
128	24	0	1.80952722	61.4583251	61.3218979	61.0475725	61.5243393	0.209518716	3.98812501	0	100	0	0	3
129	25	0	1.82366415	61.3467869	61.3252637	61.0475725	61.5243393	0.200372732	3.98812501	0	100	0	0	3
