Iteration	CPUTime	PhysTime	Travels	Value	AvValue	MinValue	MaxValue	Delta	Criteria	PrevAvRefValue	Progress	CriteriaType	CriteriaVarType	CriteriaPercentage
1	1	0	0.0141369314	-111.22176	-111.22176	-111.22176	-111.22176	0	0	0	0	0	0	3
2	1	0	0.0282738628	-19.5763833	-65.3990719	-111.22176	-19.5763833	45.8226886	0	0	0	0	0	3
3	1	0	0.0424107941	-3.37132754	-44.7231571	-111.22176	-3.37132754	66.4986033	0	0	0	0	0	3
4	2	0	0.0565477255	14.8075137	-29.8404894	-111.22176	14.8075137	81.381271	0	0	0	0	0	3
5	2	0	0.0706846569	16.4135289	-20.5896857	-111.22176	16.4135289	90.6320747	0	0	0	0	0	3
6	2	0	0.0848215883	19.0374012	-13.9851712	-111.22176	19.0374012	97.2365892	0	0	0	0	0	3
7	2	0	0.0989585197	21.0311838	-8.98283482	-111.22176	21.0311838	102.238926	0	0	0	0	0	3
8	2	0	0.113095451	21.3612415	-5.18982528	-111.22176	21.3612415	106.031935	0	0	0	0	0	3
9	2	0	0.127232382	20.346695	-2.35243413	-111.22176	21.3612415	108.869326	0	0	0	0	0	3
10	3	0	0.141369314	23.8918926	0.271998543	-111.22176	23.8918926	111.493759	0	0	0	0	0	3
11	3	0	0.155506245	24.8682723	2.50802343	-111.22176	24.8682723	113.729784	0	0	0	0	0	3
12	3	0	0.169643177	25.8676982	4.45466299	-111.22176	25.8676982	115.676423	0	0	0	0	0	3
13	3	0	0.183780108	26.8615356	6.17826858	-111.22176	26.8615356	117.400029	0	0	0	0	0	3
14	3	0	0.197917039	29.6964191	7.85813647	-111.22176	29.6964191	119.079897	0	0	0	0	0	3
15	4	0	0.212053971	33.081298	9.53968058	-111.22176	33.081298	120.761441	0	0	0	0	0	3
16	4	0	0.226190902	36.8735132	11.2480451	-111.22176	36.8735132	122.469806	0	0	0	0	0	3
17	4	0	0.240327833	41.986382	13.0561826	-111.22176	41.986382	124.277943	0	0	0	0	0	3
18	4	0	0.254464765	46.1481576	14.8946256	-111.22176	46.1481576	126.116386	0	0	0	0	0	3
19	4	0	0.268601696	48.7887097	16.6785248	-111.22176	48.7887097	127.900285	0	0	0	0	0	3
20	4	0	0.282738628	51.2500709	18.4071021	-111.22176	51.2500709	129.628863	0	0	0	0	0	3
21	5	0	0.296875559	52.792187	20.0444871	-111.22176	52.792187	131.266248	0	0	0	0	0	3
22	5	0	0.31101249	52.3241155	21.5117429	-111.22176	52.792187	132.733503	0	0	0	0	0	3
23	5	0	0.325149422	52.7297521	22.8690477	-111.22176	52.792187	134.090808	0	0	0	0	0	3
24	5	0	0.339286353	50.9809864	24.0403785	-111.22176	52.792187	135.262139	0	0	0	0	0	3
25	5	0	0.353423285	51.2729661	25.129682	-111.22176	52.792187	136.351442	0	0	0	0	0	3
26	6	0	0.367560216	50.6385966	26.1107941	-111.22176	52.792187	137.332555	0	0	0	0	0	3
27	6	0	0.381697147	50.0897526	26.9989036	-111.22176	52.792187	138.220664	0	0	0	0	0	3
28	6	0	0.395834079	48.9338753	27.7822955	-111.22176	52.792187	139.004056	0	0	0	0	0	3
29	6	0	0.40997101	49.1676638	28.519722	-111.22176	52.792187	139.741482	0	0	0	0	0	3
30	6	0	0.424107941	47.4799929	29.151731	-111.22176	52.792187	140.373491	0	0	0	0	0	3
31	6	0	0.438244873	48.1401932	29.764262	-111.22176	52.792187	140.986022	0	0	0	0	0	3
32	7	0	0.452381804	46.5934222	30.2901733	-111.22176	52.792187	141.511934	0	0	0	0	0	3
33	7	0	0.466518736	47.7911408	30.8205057	-111.22176	52.792187	142.042266	0	0	0	0	0	3
34	7	0	0.480655667	47.0128797	31.296752	-111.22176	52.792187	142.518512	0	0	0	0	0	3
35	7	0	0.494792598	47.601025	31.7625883	-111.22176	52.792187	142.984349	0	0	0	0	0	3
36	7	0	0.50892953	47.3573572	32.1957763	-111.22176	52.792187	143.417537	0	0	0	0	0	3
37	8	0	0.523066461	47.1528375	36.5950707	-19.5763833	52.792187	72.3685703	0	0	0	0	0	3
38	8	0	0.537203392	46.310506	38.4252621	-3.37132754	52.792187	56.1635145	0	0	0	0	0	3
39	8	0	0.551340324	46.4256578	39.8085117	14.8075137	52.792187	37.9846733	0	0	0	0	0	3
40	8	0	0.565477255	46.0309422	40.6758292	16.4135289	52.792187	36.3786581	0	0	0	0	0	3
41	8	0	0.579614187	46.079921	41.4998956	19.0374012	52.792187	33.7547858	0	0	0	0	0	3
42	8	0	0.593751118	45.4019968	42.2322455	20.346695	52.792187	32.445492	0	0	0	0	0	3
43	9	0	0.607888049	45.6107853	42.9150122	20.346695	52.792187	32.445492	0	0	0	0	0	3
44	9	0	0.622024981	45.0563992	43.573211	20.346695	52.792187	32.445492	0	0	0	0	0	3
45	9	0	0.636161912	45.4324255	44.2700369	23.8918926	52.792187	28.9002944	0	0	0	0	0	3
46	9	0	0.650298844	44.7461176	44.8493209	24.8682723	52.792187	27.9239147	0	0	0	0	0	3
47	9	0	0.664435775	45.6644437	45.4269923	25.8676982	52.792187	26.9244888	0	0	0	0	0	3
48	10	0	0.678572706	45.3168246	45.9672458	26.8615356	52.792187	25.9306514	0	0	0	0	0	3
49	10	0	0.692709638	45.6270108	46.488509	29.6964191	52.792187	23.0957679	0	0	0	0	0	3
50	10	0	0.706846569	45.5188703	46.9280216	33.081298	52.792187	19.710889	0	0	0	0	0	3
51	10	0	0.7209835	45.8286065	47.2821135	36.8735132	52.792187	15.9186738	0	0	0	0	0	3
52	10	0	0.735120432	45.9752382	47.5349392	41.986382	52.792187	10.805805	0	0	0	0	0	3
53	11	0	0.749257363	46.1713396	47.651188	44.7461176	52.792187	8.04606936	0	0	0	0	0	3
54	11	0	0.763394295	46.2732812	47.6546636	44.7461176	52.792187	8.04606936	0	0	0	0	0	3
55	11	0	0.777531226	46.3496077	47.5869108	44.7461176	52.792187	8.04606936	0	0	0	0	0	3
56	11	0	0.791668157	46.0809702	47.4433247	44.7461176	52.792187	8.04606936	0	0	0	0	0	3
57	11	0	0.805805089	46.1833517	47.2597459	44.7461176	52.7297521	7.9836345	0	0	0	0	0	3
58	11	0	0.81994202	45.7041265	47.0758573	44.7461176	52.7297521	7.9836345	0	0	0	0	0	3
59	12	0	0.834078952	46.1265337	46.8924346	44.7461176	51.2729661	6.52684847	0	0	0	0	0	3
60	12	0	0.848215883	45.844933	46.7497664	44.7461176	51.2729661	6.52684847	0	0	0	0	0	3
61	12	0	0.862352814	45.9042739	46.6006361	44.7461176	50.6385966	5.89247898	0	0	0	0	0	3
62	12	0	0.876489746	45.8559491	46.4677848	44.7461176	50.0897526	5.34363493	0	0	0	0	0	3
63	12	0	0.890626677	46.0670061	46.3560418	44.7461176	49.1676638	4.42154618	0	0	0	0	0	3
64	13	0	0.904763608	45.8042709	46.2691084	44.7461176	49.1676638	4.42154618	0	0	0	0	0	3
65	13	0	0.91890054	46.3441303	46.1906769	44.7461176	48.1401932	3.39407555	0	0	0	0	0	3
66	13	0	0.933037471	45.9258504	46.1475063	44.7461176	48.1401932	3.39407555	0	0	0	0	0	3
67	13	0	0.947174403	45.8173172	46.0829819	44.7461176	47.7911408	3.04502319	0	0	0	0	0	3
68	13	0	0.961311334	45.582381	46.0548974	44.7461176	47.7911408	3.04502319	0	0	0	0	0	3
69	13	0	0.975448265	45.9112199	46.0026774	44.7461176	47.601025	2.85490735	0	0	0	0	0	3
70	14	0	0.989585197	45.497593	45.9605861	44.7461176	47.601025	2.85490735	0	0	0	0	0	3
71	14	0	1.00372213	45.5240118	45.9028913	44.7461176	47.3573572	2.61123959	1.68490544	0	64.5	0	0	3
72	14	0	1.01785906	45.5207871	45.8518755	44.7461176	47.1528375	2.40671986	1.68490544	0	70	0	0	3
73	14	0	1.03199599	45.5783807	45.8081406	44.7461176	46.4256578	1.67954013	1.68490544	0	100	0	0	3
74	14	0	1.04613292	45.4369583	45.7838754	44.7461176	46.4256578	1.67954013	1.68490544	0	100	0	0	3
75	15	0	1.06026985	45.2254559	45.7505364	44.7461176	46.3496077	1.60349007	1.68490544	0	100	0	0	3
76	15	0	1.07440678	45.2969466	45.7301476	44.7461176	46.3496077	1.60349007	1.68490544	0	100	0	0	3
77	15	0	1.08854372	45.5200578	45.7145959	44.7461176	46.3496077	1.60349007	1.68490544	0	100	0	0	3
78	15	0	1.10268065	45.1763856	45.7083289	44.7461176	46.3496077	1.60349007	1.68490544	0	100	0	0	3
79	15	0	1.11681758	45.6437961	45.7092459	44.7461176	46.3496077	1.60349007	1.68490544	0	100	0	0	3
80	15	0	1.13095451	45.3995099	45.7187767	44.7461176	46.3496077	1.60349007	1.68490544	0	100	0	0	3
81	16	0	1.14509144	45.6664872	45.7252784	44.7461176	46.3496077	1.60349007	1.68490544	0	100	0	0	3
82	16	0	1.15922837	45.3646999	45.7424613	45.1763856	46.3496077	1.17322207	1.68490544	0	100	0	0	3
83	16	0	1.1733653	45.5929748	45.740476	45.1763856	46.3496077	1.17322207	1.68490544	0	100	0	0	3
84	16	0	1.18750224	45.315863	45.7404493	45.1763856	46.3496077	1.17322207	1.68490544	0	100	0	0	3
85	16	0	1.20163917	45.7387936	45.7435544	45.1763856	46.3496077	1.17322207	1.68490544	0	100	0	0	3
86	17	0	1.2157761	45.280923	45.7369448	45.1763856	46.3496077	1.17322207	1.68490544	0	100	0	0	3
87	17	0	1.22991303	45.7531372	45.7348484	45.1763856	46.3496077	1.17322207	1.68490544	0	100	0	0	3
88	17	0	1.24404996	45.4966297	45.7215537	45.1763856	46.3496077	1.17322207	1.68490544	0	100	0	0	3
89	17	0	1.25818689	45.6981841	45.7084105	45.1763856	46.3496077	1.17322207	1.68490544	0	100	0	0	3
90	17	0	1.27232382	45.3581663	45.6829906	45.1763856	46.3496077	1.17322207	1.68490544	0	100	0	0	3
91	17	0	1.28646076	45.6207827	45.6627455	45.1763856	46.3441303	1.16774471	1.68490544	0	100	0	0	3
92	18	0	1.30059769	45.482923	45.6461331	45.1763856	46.3441303	1.16774471	1.68490544	0	100	0	0	3
93	18	0	1.31473462	45.5764286	45.6292741	45.1763856	46.3441303	1.16774471	1.68490544	0	100	0	0	3
94	18	0	1.32887155	44.9713925	45.6089204	44.9713925	46.3441303	1.28351422	1.68490544	0	100	0	0	3
95	18	0	1.34300848	44.9149657	45.5752657	44.9149657	46.3441303	1.17450073	1.68490544	0	100	0	0	3
96	18	0	1.35714541	44.564108	45.5396872	44.564108	46.3441303	1.06094886	1.68490544	0	100	0	0	3
97	19	0	1.37128234	44.9965299	45.5144721	44.564108	46.3441303	0.953312651	1.68490544	0	100	0	0	3
98	19	0	1.38541928	44.6632995	45.481343	44.564108	46.3441303	0.874698848	1.68490544	0	100	0	0	3
99	19	0	1.39955621	44.9848456	45.451283	44.564108	46.3441303	0.817825405	1.68490544	0	100	0	0	3
100	19	0	1.41369314	44.3478356	45.4108264	44.3478356	46.3441303	0.779850456	1.68490544	0	100	0	0	3
101	20	0	1.42783007	44.7096258	45.3654235	44.3478356	45.9258504	0.782082735	1.68490544	0	100	0	0	3
102	20	0	1.441967	44.4086488	45.323279	44.3478356	45.9112199	0.75970289	1.68490544	0	100	0	0	3
103	20	0	1.45610393	44.7636473	45.2940104	44.3478356	45.9112199	0.760887019	1.68490544	0	100	0	0	3
104	20	0	1.47024086	44.688971	45.2691935	44.3478356	45.9112199	0.733483935	1.68490544	0	100	0	0	3
105	20	0	1.4843778	44.6854376	45.235144	44.3478356	45.7531372	0.725442145	1.68490544	0	100	0	0	3
106	20	0	1.49851473	44.5620835	45.2091576	44.3478356	45.7531372	0.693733709	1.68490544	0	100	0	0	3
107	21	0	1.51265166	44.6070359	45.183686	44.3478356	45.7531372	0.668189426	1.68490544	0	100	0	0	3
108	21	0	1.52678859	44.3967784	45.1524636	44.3478356	45.7531372	0.655676981	1.68490544	0	100	0	0	3
109	21	0	1.54092552	44.4904626	45.1222436	44.3478356	45.7531372	0.661631713	1.68490544	0	100	0	0	3
110	21	0	1.55506245	44.6125844	45.0993444	44.3478356	45.7531372	0.651192049	1.68490544	0	100	0	0	3
111	21	0	1.56919938	44.5300479	45.0800275	44.3478356	45.7531372	0.663526928	1.68490544	0	100	0	0	3
112	22	0	1.58333631	44.3756158	45.054435	44.3478356	45.7531372	0.68911945	1.68490544	0	100	0	0	3
113	22	0	1.59747325	44.6881549	45.0313265	44.3478356	45.7531372	0.712227863	1.68490544	0	100	0	0	3
114	22	0	1.61161018	44.2235202	45.0048581	44.2235202	45.7531372	0.738696348	1.68490544	0	100	0	0	3
115	22	0	1.62574711	44.9246318	44.9848813	44.2235202	45.7531372	0.758673134	1.68490544	0	100	0	0	3
116	22	0	1.63988404	44.5015744	44.9599386	44.2235202	45.7531372	0.783615786	1.68490544	0	100	0	0	3
117	22	0	1.65402097	44.9309572	44.9395072	44.2235202	45.7531372	0.804047176	1.68490544	0	100	0	0	3
118	23	0	1.6681579	44.0274269	44.9023608	44.0274269	45.7531372	0.841193648	1.68490544	0	100	0	0	3
119	23	0	1.68229483	44.7829233	44.8798593	44.0274269	45.7531372	0.863695079	1.68490544	0	100	0	0	3
120	23	0	1.69643177	44.2652966	44.8506769	44.0274269	45.7531372	0.892877479	1.68490544	0	100	0	0	3
121	23	0	1.7105687	44.8607403	44.8262866	44.0274269	45.7531372	0.910658202	1.68490544	0	100	0	0	3
122	23	0	1.72470563	44.5410607	44.8057348	44.0274269	45.7531372	0.929113563	1.68490544	0	100	0	0	3
123	24	0	1.73884256	44.8404155	44.7803814	44.0274269	45.6981841	0.941172264	1.68490544	0	100	0	0	3
124	24	0	1.75297949	44.4702199	44.7518701	44.0274269	45.6981841	0.956540439	1.68490544	0	100	0	0	3
125	24	0	1.76711642	44.4862958	44.7182065	44.0274269	45.6207827	0.964784142	1.68490544	0	100	0	0	3
126	24	0	1.78125335	44.4982505	44.6943199	44.0274269	45.6207827	0.968425553	1.68490544	0	100	0	0	3
127	24	0	1.79539029	44.7764116	44.6708652	44.0274269	45.5764286	0.975267882	1.68490544	0	100	0	0	3
128	24	0	1.80952722	44.488407	44.6432398	44.0274269	45.5764286	0.986034348	1.68490544	0	100	0	0	3
129	25	0	1.82366415	44.3959083	44.6104475	44.0274269	44.9965299	0.969103074	1.68490544	0	100	0	0	3
