Iteration	CPUTime	PhysTime	Travels	Value	AvValue	MinValue	MaxValue	Delta	Criteria	PrevAvRefValue	Progress	CriteriaType	CriteriaVarType	CriteriaPercentage
1	1	0	0.0141369314	0	0	0	0	0	0	0	0	0	0	3
2	1	0	0.0282738628	0	0	0	0	0	0	0	0	0	0	3
3	1	0	0.0424107941	0	0	0	0	0	0	0	0	0	0	3
4	2	0	0.0565477255	0	0	0	0	0	0	0	0	0	0	3
5	2	0	0.0706846569	0	0	0	0	0	0	0	0	0	0	3
6	2	0	0.0848215883	0	0	0	0	0	0	0	0	0	0	3
7	2	0	0.0989585197	0	0	0	0	0	0	0	0	0	0	3
8	2	0	0.113095451	0	0	0	0	0	0	0	0	0	0	3
9	2	0	0.127232382	0	0	0	0	0	0	0	0	0	0	3
10	3	0	0.141369314	0	0	0	0	0	0	0	0	0	0	3
11	3	0	0.155506245	0	0	0	0	0	0	0	0	0	0	3
12	3	0	0.169643177	0	0	0	0	0	0	0	0	0	0	3
13	3	0	0.183780108	0	0	0	0	0	0	0	0	0	0	3
14	3	0	0.197917039	0	0	0	0	0	0	0	0	0	0	3
15	4	0	0.212053971	0	0	0	0	0	0	0	0	0	0	3
16	4	0	0.226190902	0	0	0	0	0	0	0	0	0	0	3
17	4	0	0.240327833	0	0	0	0	0	0	0	0	0	0	3
18	4	0	0.254464765	0	0	0	0	0	0	0	0	0	0	3
19	4	0	0.268601696	0	0	0	0	0	0	0	0	0	0	3
20	4	0	0.282738628	0	0	0	0	0	0	0	0	0	0	3
21	5	0	0.296875559	0	0	0	0	0	0	0	0	0	0	3
22	5	0	0.31101249	0	0	0	0	0	0	0	0	0	0	3
23	5	0	0.325149422	0	0	0	0	0	0	0	0	0	0	3
24	5	0	0.339286353	0	0	0	0	0	0	0	0	0	0	3
25	5	0	0.353423285	0	0	0	0	0	0	0	0	0	0	3
26	6	0	0.367560216	0	0	0	0	0	0	0	0	0	0	3
27	6	0	0.381697147	0	0	0	0	0	0	0	0	0	0	3
28	6	0	0.395834079	0	0	0	0	0	0	0	0	0	0	3
29	6	0	0.40997101	0	0	0	0	0	0	0	0	0	0	3
30	6	0	0.424107941	0	0	0	0	0	0	0	0	0	0	3
31	6	0	0.438244873	0	0	0	0	0	0	0	0	0	0	3
32	7	0	0.452381804	0	0	0	0	0	0	0	0	0	0	3
33	7	0	0.466518736	0	0	0	0	0	0	0	0	0	0	3
34	7	0	0.480655667	0	0	0	0	0	0	0	0	0	0	3
35	7	0	0.494792598	0	0	0	0	0	0	0	0	0	0	3
36	7	0	0.50892953	0	0	0	0	0	0	0	0	0	0	3
37	8	0	0.523066461	0	0	0	0	0	0	0	0	0	0	3
38	8	0	0.537203392	0	0	0	0	0	0	0	0	0	0	3
39	8	0	0.551340324	0	0	0	0	0	0	0	0	0	0	3
40	8	0	0.565477255	0	0	0	0	0	0	0	0	0	0	3
41	8	0	0.579614187	0	0	0	0	0	0	0	0	0	0	3
42	8	0	0.593751118	0	0	0	0	0	0	0	0	0	0	3
43	9	0	0.607888049	0	0	0	0	0	0	0	0	0	0	3
44	9	0	0.622024981	0	0	0	0	0	0	0	0	0	0	3
45	9	0	0.636161912	0	0	0	0	0	0	0	0	0	0	3
46	9	0	0.650298844	0	0	0	0	0	0	0	0	0	0	3
47	9	0	0.664435775	0	0	0	0	0	0	0	0	0	0	3
48	10	0	0.678572706	0	0	0	0	0	0	0	0	0	0	3
49	10	0	0.692709638	0	0	0	0	0	0	0	0	0	0	3
50	10	0	0.706846569	0	0	0	0	0	0	0	0	0	0	3
51	10	0	0.7209835	0	0	0	0	0	0	0	0	0	0	3
52	10	0	0.735120432	0	0	0	0	0	0	0	0	0	0	3
53	11	0	0.749257363	0	0	0	0	0	0	0	0	0	0	3
54	11	0	0.763394295	0	0	0	0	0	0	0	0	0	0	3
55	11	0	0.777531226	0	0	0	0	0	0	0	0	0	0	3
56	11	0	0.791668157	0	0	0	0	0	0	0	0	0	0	3
57	11	0	0.805805089	0	0	0	0	0	0	0	0	0	0	3
58	11	0	0.81994202	0	0	0	0	0	0	0	0	0	0	3
59	12	0	0.834078952	0	0	0	0	0	0	0	0	0	0	3
60	12	0	0.848215883	0	0	0	0	0	0	0	0	0	0	3
61	12	0	0.862352814	0	0	0	0	0	0	0	0	0	0	3
62	12	0	0.876489746	0	0	0	0	0	0	0	0	0	0	3
63	12	0	0.890626677	0	0	0	0	0	0	0	0	0	0	3
64	13	0	0.904763608	0	0	0	0	0	0	0	0	0	0	3
65	13	0	0.91890054	0	0	0	0	0	0	0	0	0	0	3
66	13	0	0.933037471	0	0	0	0	0	0	0	0	0	0	3
67	13	0	0.947174403	0	0	0	0	0	0	0	0	0	0	3
68	13	0	0.961311334	0	0	0	0	0	0	0	0	0	0	3
69	13	0	0.975448265	0	0	0	0	0	0	0	0	0	0	3
70	14	0	0.989585197	0	0	0	0	0	0	0	0	0	0	3
71	14	0	1.00372213	0	0	0	0	0	5e-06	0	0	0	0	3
72	14	0	1.01785906	0	0	0	0	0	5e-06	0	0	0	0	3
73	14	0	1.03199599	0	0	0	0	0	5e-06	0	0	0	0	3
74	14	0	1.04613292	0	0	0	0	0	5e-06	0	0	0	0	3
75	15	0	1.06026985	0	0	0	0	0	5e-06	0	0	0	0	3
76	15	0	1.07440678	0	0	0	0	0	5e-06	0	0	0	0	3
77	15	0	1.08854372	0	0	0	0	0	5e-06	0	0	0	0	3
78	15	0	1.10268065	0	0	0	0	0	5e-06	0	0	0	0	3
79	15	0	1.11681758	0	0	0	0	0	5e-06	0	0	0	0	3
80	15	0	1.13095451	0	0	0	0	0	5e-06	0	0	0	0	3
81	16	0	1.14509144	0	0	0	0	0	5e-06	0	0	0	0	3
82	16	0	1.15922837	0	0	0	0	0	5e-06	0	0	0	0	3
83	16	0	1.1733653	0	0	0	0	0	5e-06	0	0	0	0	3
84	16	0	1.18750224	0	0	0	0	0	5e-06	0	0	0	0	3
85	16	0	1.20163917	0	0	0	0	0	5e-06	0	0	0	0	3
86	17	0	1.2157761	0	0	0	0	0	5e-06	0	0	0	0	3
87	17	0	1.22991303	0	0	0	0	0	5e-06	0	0	0	0	3
88	17	0	1.24404996	0	0	0	0	0	5e-06	0	0	0	0	3
89	17	0	1.25818689	0	0	0	0	0	5e-06	0	0	0	0	3
90	17	0	1.27232382	0	0	0	0	0	5e-06	0	0	0	0	3
91	17	0	1.28646076	0	0	0	0	0	5e-06	0	0	0	0	3
92	18	0	1.30059769	0	0	0	0	0	5e-06	0	0	0	0	3
93	18	0	1.31473462	0	0	0	0	0	5e-06	0	0	0	0	3
94	18	0	1.32887155	0	0	0	0	0	5e-06	0	0	0	0	3
95	18	0	1.34300848	0	0	0	0	0	5e-06	0	0	0	0	3
96	18	0	1.35714541	0	0	0	0	0	5e-06	0	0	0	0	3
97	19	0	1.37128234	0	0	0	0	0	5e-06	0	0	0	0	3
98	19	0	1.38541928	0	0	0	0	0	5e-06	0	0	0	0	3
99	19	0	1.39955621	0	0	0	0	0	5e-06	0	0	0	0	3
100	19	0	1.41369314	0	0	0	0	0	5e-06	0	0	0	0	3
101	20	0	1.42783007	0	0	0	0	0	5e-06	0	0	0	0	3
102	20	0	1.441967	0	0	0	0	0	5e-06	0	0	0	0	3
103	20	0	1.45610393	0	0	0	0	0	5e-06	0	0	0	0	3
104	20	0	1.47024086	0	0	0	0	0	5e-06	0	0	0	0	3
105	20	0	1.4843778	0	0	0	0	0	5e-06	0	0	0	0	3
106	20	0	1.49851473	0	0	0	0	0	5e-06	0	0	0	0	3
107	21	0	1.51265166	0	0	0	0	0	5e-06	0	0	0	0	3
108	21	0	1.52678859	0	0	0	0	0	5e-06	0	0	0	0	3
109	21	0	1.54092552	0	0	0	0	0	5e-06	0	0	0	0	3
110	21	0	1.55506245	0	0	0	0	0	5e-06	0	0	0	0	3
111	21	0	1.56919938	0	0	0	0	0	5e-06	0	0	0	0	3
112	22	0	1.58333631	0	0	0	0	0	5e-06	0	0	0	0	3
113	22	0	1.59747325	0	0	0	0	0	5e-06	0	0	0	0	3
114	22	0	1.61161018	0	0	0	0	0	5e-06	0	0	0	0	3
115	22	0	1.62574711	0	0	0	0	0	5e-06	0	0	0	0	3
116	22	0	1.63988404	0	0	0	0	0	5e-06	0	0	0	0	3
117	22	0	1.65402097	0	0	0	0	0	5e-06	0	0	0	0	3
118	23	0	1.6681579	0	0	0	0	0	5e-06	0	0	0	0	3
119	23	0	1.68229483	0	0	0	0	0	5e-06	0	0	0	0	3
120	23	0	1.69643177	0	0	0	0	0	5e-06	0	0	0	0	3
121	23	0	1.7105687	0	0	0	0	0	5e-06	0	0	0	0	3
122	23	0	1.72470563	0	0	0	0	0	5e-06	0	0	0	0	3
123	24	0	1.73884256	0	0	0	0	0	5e-06	0	0	0	0	3
124	24	0	1.75297949	0	0	0	0	0	5e-06	0	0	0	0	3
125	24	0	1.76711642	0	0	0	0	0	5e-06	0	0	0	0	3
126	24	0	1.78125335	0	0	0	0	0	5e-06	0	0	0	0	3
127	24	0	1.79539029	0	0	0	0	0	5e-06	0	0	0	0	3
128	24	0	1.80952722	0	0	0	0	0	5e-06	0	0	0	0	3
129	25	0	1.82366415	0	0	0	0	0	5e-06	0	0	0	0	3
