Iteration	CPUTime	PhysTime	Travels	Value	AvValue	MinValue	MaxValue	Delta	Criteria	PrevAvRefValue	Progress	CriteriaType	CriteriaVarType	CriteriaPercentage
1	1	0	0.0141369314	293.200179	293.200179	293.200179	293.200179	0	0	0	0	0	0	3
2	1	0	0.0282738628	293.200173	293.200176	293.200173	293.200179	2.95045641e-06	0	0	0	0	0	3
3	1	0	0.0424107941	293.20023	293.200194	293.200173	293.20023	1.7853277e-05	0	0	0	0	0	3
4	2	0	0.0565477255	293.200257	293.20021	293.200173	293.200257	3.3495294e-05	0	0	0	0	0	3
5	2	0	0.0706846569	293.20029	293.200226	293.200173	293.20029	4.95468923e-05	0	0	0	0	0	3
6	2	0	0.0848215883	293.200345	293.200246	293.200173	293.200345	6.9413128e-05	0	0	0	0	0	3
7	2	0	0.0989585197	293.200417	293.20027	293.200173	293.200417	9.3896156e-05	0	0	0	0	0	3
8	2	0	0.113095451	293.200487	293.200297	293.200173	293.200487	0.000121045565	0	0	0	0	0	3
9	2	0	0.127232382	293.200562	293.200327	293.200173	293.200562	0.000150477748	0	0	0	0	0	3
10	3	0	0.141369314	293.200632	293.200357	293.200173	293.200632	0.000180985067	0	0	0	0	0	3
11	3	0	0.155506245	293.200741	293.200392	293.200173	293.200741	0.000215888612	0	0	0	0	0	3
12	3	0	0.169643177	293.200845	293.20043	293.200173	293.200845	0.000253603427	0	0	0	0	0	3
13	3	0	0.183780108	293.200948	293.20047	293.200173	293.200948	0.000293459389	0	0	0	0	0	3
14	3	0	0.197917039	293.201046	293.200511	293.200173	293.201046	0.000334613043	0	0	0	0	0	3
15	4	0	0.212053971	293.201142	293.200553	293.200173	293.201142	0.000376709074	0	0	0	0	0	3
16	4	0	0.226190902	293.201284	293.200599	293.200173	293.201284	0.000422413616	0	0	0	0	0	3
17	4	0	0.240327833	293.201427	293.200647	293.200173	293.201427	0.000471137671	0	0	0	0	0	3
18	4	0	0.254464765	293.201567	293.200698	293.200173	293.201567	0.000522233601	0	0	0	0	0	3
19	4	0	0.268601696	293.201707	293.200752	293.200173	293.201707	0.000575328774	0	0	0	0	0	3
20	4	0	0.282738628	293.201842	293.200806	293.200173	293.201842	0.000629836697	0	0	0	0	0	3
21	5	0	0.296875559	293.202032	293.200864	293.200173	293.202032	0.000688228599	0	0	0	0	0	3
22	5	0	0.31101249	293.202206	293.200925	293.200173	293.202206	0.000749214886	0	0	0	0	0	3
23	5	0	0.325149422	293.202365	293.200988	293.200173	293.202365	0.00081180306	0	0	0	0	0	3
24	5	0	0.339286353	293.202504	293.201051	293.200173	293.202504	0.000874977732	0	0	0	0	0	3
25	5	0	0.353423285	293.20263	293.201114	293.200173	293.20263	0.000938141409	0	0	0	0	0	3
26	6	0	0.367560216	293.202781	293.201178	293.200173	293.202781	0.00100223973	0	0	0	0	0	3
27	6	0	0.381697147	293.202908	293.201242	293.200173	293.202908	0.00106628797	0	0	0	0	0	3
28	6	0	0.395834079	293.203004	293.201305	293.200173	293.203004	0.00112921374	0	0	0	0	0	3
29	6	0	0.40997101	293.20308	293.201367	293.200173	293.20308	0.00119040321	0	0	0	0	0	3
30	6	0	0.424107941	293.203134	293.201426	293.200173	293.203134	0.00124932902	0	0	0	0	0	3
31	6	0	0.438244873	293.203179	293.201482	293.200173	293.203179	0.00130589085	0	0	0	0	0	3
32	7	0	0.452381804	293.203207	293.201536	293.200173	293.203207	0.00135979081	0	0	0	0	0	3
33	7	0	0.466518736	293.203228	293.201587	293.200173	293.203228	0.00141106762	0	0	0	0	0	3
34	7	0	0.480655667	293.203241	293.201636	293.200173	293.203241	0.00145971835	0	0	0	0	0	3
35	7	0	0.494792598	293.203254	293.201682	293.200173	293.203254	0.00150593987	0	0	0	0	0	3
36	7	0	0.50892953	293.203264	293.201726	293.200173	293.203264	0.00154987165	0	0	0	0	0	3
37	8	0	0.523066461	293.203271	293.201812	293.200173	293.203271	0.0016357526	0	0	0	0	0	3
38	8	0	0.537203392	293.203276	293.201898	293.20023	293.203276	0.00170410031	0	0	0	0	0	3
39	8	0	0.551340324	293.203279	293.201983	293.200257	293.203279	0.00177316917	0	0	0	0	0	3
40	8	0	0.565477255	293.203283	293.202067	293.20029	293.203283	0.00184117407	0	0	0	0	0	3
41	8	0	0.579614187	293.203284	293.20215	293.200345	293.203284	0.0019044775	0	0	0	0	0	3
42	8	0	0.593751118	293.203289	293.202232	293.200417	293.203289	0.00196177024	0	0	0	0	0	3
43	9	0	0.607888049	293.203289	293.202312	293.200487	293.203289	0.00201438605	0	0	0	0	0	3
44	9	0	0.622024981	293.203295	293.20239	293.200562	293.203295	0.00206295641	0	0	0	0	0	3
45	9	0	0.636161912	293.203289	293.202465	293.200632	293.203295	0.00210820288	0	0	0	0	0	3
46	9	0	0.650298844	293.203292	293.202539	293.200741	293.203295	0.00214720204	0	0	0	0	0	3
47	9	0	0.664435775	293.20329	293.20261	293.200845	293.203295	0.0021802845	0	0	0	0	0	3
48	10	0	0.678572706	293.203286	293.202678	293.200948	293.203295	0.00220825532	0	0	0	0	0	3
49	10	0	0.692709638	293.20329	293.202743	293.201046	293.203295	0.00223215597	0	0	0	0	0	3
50	10	0	0.706846569	293.203288	293.202805	293.201142	293.203295	0.0021531295	0	0	0	0	0	3
51	10	0	0.7209835	293.203288	293.202865	293.201284	293.203295	0.00201120128	0	0	0	0	0	3
52	10	0	0.735120432	293.203289	293.202921	293.201427	293.203295	0.00186846047	0	0	0	0	0	3
53	11	0	0.749257363	293.203286	293.202972	293.201567	293.203295	0.0017283186	0	0	0	0	0	3
54	11	0	0.763394295	293.203289	293.20302	293.201707	293.203295	0.00158814112	0	0	0	0	0	3
55	11	0	0.777531226	293.203285	293.203064	293.201842	293.203295	0.00145369579	0	0	0	0	0	3
56	11	0	0.791668157	293.203286	293.203104	293.202032	293.203295	0.00126311638	0	0	0	0	0	3
57	11	0	0.805805089	293.203291	293.203139	293.202206	293.203295	0.0010892561	0	0	0	0	0	3
58	11	0	0.81994202	293.203293	293.203169	293.202365	293.203295	0.000930440131	0	0	0	0	0	3
59	12	0	0.834078952	293.203295	293.203195	293.202504	293.203295	0.000791187816	0	0	0	0	0	3
60	12	0	0.848215883	293.2033	293.203217	293.20263	293.2033	0.00067001877	0	0	0	0	0	3
61	12	0	0.862352814	293.203304	293.203236	293.202781	293.203304	0.000522712471	0	0	0	0	0	3
62	12	0	0.876489746	293.203308	293.20325	293.202908	293.203308	0.000399769501	0	0	0	0	0	3
63	12	0	0.890626677	293.203311	293.203262	293.203004	293.203311	0.000306908889	0	0	0	0	0	3
64	13	0	0.904763608	293.20331	293.20327	293.20308	293.203311	0.00023141016	0	0	0	0	0	3
65	13	0	0.91890054	293.203313	293.203277	293.203134	293.203313	0.000178325576	0	0	0	0	0	3
66	13	0	0.933037471	293.203304	293.203281	293.203179	293.203313	0.000133757537	0	0	0	0	0	3
67	13	0	0.947174403	293.203307	293.203285	293.203207	293.203313	0.000105813871	0	0	0	0	0	3
68	13	0	0.961311334	293.203305	293.203288	293.203228	293.203313	8.4577666e-05	0	0	0	0	0	3
69	13	0	0.975448265	293.203308	293.20329	293.203241	293.203313	7.13108098e-05	0	0	0	0	0	3
70	14	0	0.989585197	293.203309	293.203292	293.203254	293.203313	5.90320047e-05	0	0	0	0	0	3
71	14	0	1.00372213	293.203314	293.203293	293.203264	293.203314	5.06363602e-05	9.25368134e-05	0	0	0	0	3
72	14	0	1.01785906	293.203317	293.203295	293.203271	293.203317	4.59744207e-05	9.26123797e-05	0	0	0	0	3
73	14	0	1.03199599	293.203317	293.203296	293.203276	293.203317	4.09012531e-05	9.26205902e-05	0	0	0	0	3
74	14	0	1.04613292	293.203317	293.203297	293.203279	293.203317	3.80352671e-05	9.25368134e-05	0	0	0	0	3
75	15	0	1.06026985	293.20332	293.203298	293.203283	293.20332	3.68656285e-05	9.25368134e-05	0	0	0	0	3
76	15	0	1.07440678	293.203318	293.203299	293.203284	293.20332	3.54598909e-05	9.25368134e-05	0	0	0	0	3
77	15	0	1.08854372	293.203318	293.2033	293.203285	293.20332	3.43513256e-05	9.25368134e-05	0	0	0	0	3
78	15	0	1.10268065	293.203316	293.203301	293.203285	293.20332	3.43513256e-05	9.25368134e-05	0	0	0	0	3
79	15	0	1.11681758	293.203314	293.203302	293.203285	293.20332	3.43513256e-05	9.25368134e-05	0	0	0	0	3
80	15	0	1.13095451	293.20331	293.203302	293.203285	293.20332	3.43513256e-05	9.25368134e-05	0	0	0	0	3
81	16	0	1.14509144	293.203319	293.203303	293.203285	293.20332	3.43513256e-05	9.25368134e-05	0	0	0	0	3
82	16	0	1.15922837	293.203313	293.203304	293.203285	293.20332	3.43513256e-05	9.25368134e-05	0	0	0	0	3
83	16	0	1.1733653	293.203312	293.203304	293.203285	293.20332	3.43513256e-05	9.25368134e-05	0	0	0	0	3
84	16	0	1.18750224	293.203311	293.203305	293.203285	293.20332	3.43513256e-05	9.25368134e-05	0	0	0	0	3
85	16	0	1.20163917	293.203314	293.203306	293.203285	293.20332	3.43513256e-05	9.25368134e-05	0	0	0	0	3
86	17	0	1.2157761	293.203311	293.203306	293.203285	293.20332	3.43513256e-05	9.25368134e-05	0	0	0	0	3
87	17	0	1.22991303	293.203315	293.203307	293.203285	293.20332	3.43513256e-05	9.25368134e-05	0	0	0	0	3
88	17	0	1.24404996	293.203315	293.203308	293.203285	293.20332	3.43513256e-05	9.25368134e-05	0	0	0	0	3
89	17	0	1.25818689	293.203316	293.203308	293.203285	293.20332	3.43513256e-05	9.25368134e-05	0	0	0	0	3
90	17	0	1.27232382	293.203313	293.203309	293.203285	293.20332	3.43513256e-05	9.25368134e-05	0	0	0	0	3
91	17	0	1.28646076	293.203312	293.20331	293.203286	293.20332	3.34880317e-05	9.25368134e-05	0	0	0	0	3
92	18	0	1.30059769	293.203309	293.203311	293.203291	293.20332	2.84235321e-05	9.25368134e-05	0	0	0	0	3
93	18	0	1.31473462	293.203311	293.203311	293.203293	293.20332	2.63186714e-05	9.25368134e-05	0	0	0	0	3
94	18	0	1.32887155	293.203307	293.203311	293.203295	293.20332	2.49952795e-05	9.25368134e-05	0	0	0	0	3
95	18	0	1.34300848	293.203307	293.203312	293.2033	293.20332	1.92326108e-05	9.25368134e-05	0	0	0	0	3
96	18	0	1.35714541	293.203308	293.203312	293.203304	293.20332	1.59107475e-05	9.25368134e-05	0	0	0	0	3
97	19	0	1.37128234	293.203314	293.203312	293.203304	293.20332	1.54877044e-05	9.25368134e-05	0	0	0	0	3
98	19	0	1.38541928	293.203311	293.203312	293.203304	293.20332	1.54877044e-05	9.25368134e-05	0	0	0	0	3
99	19	0	1.39955621	293.203311	293.203312	293.203304	293.20332	1.54877044e-05	9.25368134e-05	0	0	0	0	3
100	19	0	1.41369314	293.203313	293.203312	293.203304	293.20332	1.54877044e-05	9.25368134e-05	0	0	0	0	3
101	20	0	1.42783007	293.203314	293.203313	293.203304	293.20332	1.54877044e-05	9.25368134e-05	0	0	0	0	3
102	20	0	1.441967	293.203312	293.203313	293.203305	293.20332	1.42454344e-05	9.25368134e-05	0	0	0	0	3
103	20	0	1.45610393	293.203313	293.203313	293.203305	293.20332	1.42454344e-05	9.25368134e-05	0	0	0	0	3
104	20	0	1.47024086	293.203314	293.203313	293.203307	293.20332	1.25446543e-05	9.25368134e-05	0	0	0	0	3
105	20	0	1.4843778	293.20331	293.203313	293.203307	293.20332	1.25446543e-05	9.25368134e-05	0	0	0	0	3
106	20	0	1.49851473	293.203307	293.203313	293.203307	293.20332	1.25446543e-05	9.25368134e-05	0	0	0	0	3
107	21	0	1.51265166	293.20331	293.203313	293.203307	293.20332	1.25446543e-05	9.25368134e-05	0	0	0	0	3
108	21	0	1.52678859	293.203309	293.203313	293.203307	293.20332	1.25446543e-05	9.25368134e-05	0	0	0	0	3
109	21	0	1.54092552	293.20331	293.203313	293.203307	293.20332	1.25446543e-05	9.25368134e-05	0	0	0	0	3
110	21	0	1.55506245	293.203307	293.203312	293.203307	293.20332	1.28605124e-05	9.25368134e-05	0	0	0	0	3
111	21	0	1.56919938	293.203309	293.203312	293.203307	293.203319	1.18530108e-05	9.25368134e-05	0	0	0	0	3
112	22	0	1.58333631	293.203306	293.203312	293.203306	293.203319	1.27024585e-05	9.25368134e-05	0	0	0	0	3
113	22	0	1.59747325	293.203308	293.203311	293.203306	293.203319	1.2193834e-05	9.25368134e-05	0	0	0	0	3
114	22	0	1.61161018	293.203309	293.203311	293.203306	293.203319	1.14850797e-05	9.25368134e-05	0	0	0	0	3
115	22	0	1.62574711	293.203309	293.203311	293.203306	293.203319	1.10766763e-05	9.25368134e-05	0	0	0	0	3
116	22	0	1.63988404	293.20331	293.203311	293.203306	293.203319	1.0264399e-05	9.25368134e-05	0	0	0	0	3
117	22	0	1.65402097	293.203311	293.203311	293.203306	293.203316	9.67443395e-06	9.25368134e-05	0	0	0	0	3
118	23	0	1.6681579	293.20331	293.203311	293.203306	293.203316	9.05154923e-06	9.25368134e-05	0	0	0	0	3
119	23	0	1.68229483	293.203311	293.203311	293.203306	293.203316	8.37982265e-06	9.25368134e-05	0	0	0	0	3
120	23	0	1.69643177	293.203312	293.203311	293.203306	293.203316	7.7013471e-06	9.25368134e-05	0	0	0	0	3
121	23	0	1.7105687	293.203315	293.203311	293.203306	293.203316	7.0608757e-06	9.25368134e-05	0	0	0	0	3
122	23	0	1.72470563	293.203312	293.203311	293.203306	293.203316	6.30564676e-06	9.25368134e-05	0	0	0	0	3
123	24	0	1.73884256	293.203313	293.203311	293.203306	293.203316	5.57614976e-06	9.25368134e-05	0	0	0	0	3
124	24	0	1.75297949	293.203312	293.203311	293.203306	293.203316	4.74299208e-06	9.25368134e-05	0	0	0	0	3
125	24	0	1.76711642	293.203316	293.203311	293.203306	293.203316	4.09503991e-06	9.25368134e-05	0	0	0	0	3
126	24	0	1.78125335	293.203314	293.203311	293.203306	293.203316	3.34071672e-06	9.25368134e-05	0	0	0	0	3
127	24	0	1.79539029	293.203314	293.203311	293.203306	293.203316	2.70858271e-06	9.25368134e-05	0	0	0	0	3
128	24	0	1.80952722	293.203309	293.203311	293.203306	293.203316	2.49614578e-06	9.25368134e-05	0	0	0	0	3
129	25	0	1.82366415	293.203312	293.203311	293.203306	293.203316	2.49614578e-06	9.25368134e-05	0	0	0	0	3
